image: /home/lio/hivebox_ws/Usr/bot_map/1721110225254/MAP_20floor_1721110405.pgm
resolution: 0.050000
origin: [-37.401050, -20.199332, 0.0]
negate: 0
occupied_thresh: 0.65
free_thresh: 0.196
map_name: MAP_20floor_1721110405
area: reserve
building: 2栋
floor: 20
