image: /home/lio/robot_system/maps/hb_map/1709870483105/MAP_release1.4.3_0308_1709870471.pgm
resolution: 0.050000
origin: [-20.245337, -30.345096, 0.0]
negate: 0
occupied_thresh: 0.65
free_thresh: 0.196
map_name: MAP_release1.4.3_0308_1709870471
area: reserve
building: 2栋
floor: 21
