image: /home/lio/hivebox_ws/Usr/bot_map/1721115427108/MAP_18floor_1721115607.pgm
resolution: 0.050000
origin: [-41.928952, -20.766025, 0.0]
negate: 0
occupied_thresh: 0.65
free_thresh: 0.196
map_name: MAP_18floor_1721115607
area: reserve
building: 2栋
floor: 18
