image: /home/lio/hivebox_ws/Usr/bot_map/1721978946014/MAP_21floor_1721978829.pgm
resolution: 0.050000
origin: [-44.596725, -33.533917, 0.0]
negate: 0
occupied_thresh: 0.65
free_thresh: 0.196
map_name: MAP_21floor_1721978829
area: reserve
building: 2栋
floor: 21
