image: /home/lio/robot_system/maps/hb_map/1709877929284/MAP_19floor_release1.4.3_0308_1709877917.pgm
resolution: 0.050000
origin: [-13.939845, -19.164706, 0.0]
negate: 0
occupied_thresh: 0.65
free_thresh: 0.196
map_name: MAP_19floor_release1.4.3_0308_1709877917
area: reserve
building: 2栋
floor: 19
