image: /home/lio/hivebox_ws/Usr/bot_map/1721902419607/MAP_19floor_1721902305.pgm
resolution: 0.050000
origin: [-27.203793, -34.197412, 0.0]
negate: 0
occupied_thresh: 0.65
free_thresh: 0.196
map_name: MAP_19floor_1721902305
area: reserve
building: 2栋
floor: 19
