image: /home/lio/hivebox_ws/Usr/bot_map/1717573160772/MAP_-1A楼地图_1717573160.pgm
resolution: 0.050000
origin: [-15.911525, -33.796579, 0.0]
negate: 0
occupied_thresh: 0.65
free_thresh: 0.196
map_name: MAP_-1A楼地图_1717573160
area: reserve
building: 2栋
floor: -1A
